0
12
25
37
50
62
75
87
100
113
125
138
150
163
175
188
200
213
225
238
250
263
275
288
300
312
325
337
350
362
374
387
399
411
424
436
448
460
473
485
497
509
521
534
546
558
570
582
594
606
618
630
642
654
666
678
689
701
713
725
737
748
760
772
783
795
806
818
829
841
852
864
875
886
898
909
920
932
943
954
965
976
987
998
1009
1020
1031
1042
1052
1063
1074
1085
1095
1106
1116
1127
1137
1148
1158
1168
1179
1189
1199
1209
1219
1230
1240
1250
1259
1269
1279
1289
1299
1308
1318
1328
1337
1347
1356
1366
1375
1384
1393
1403
1412
1421
1430
1439
1448
1457
1465
1474
1483
1491
1500
1509
1517
1525
1534
1542
1550
1558
1567
1575
1583
1591
1598
1606
1614
1622
1629
1637
1644
1652
1659
1667
1674
1681
1688
1695
1702
1709
1716
1723
1730
1736
1743
1750
1756
1763
1769
1775
1781
1788
1794
1800
1806
1812
1817
1823
1829
1834
1840
1845
1851
1856
1861
1867
1872
1877
1882
1887
1892
1896
1901
1906
1910
1915
1919
1924
1928
1932
1936
1940
1944
1948
1952
1956
1959
1963
1966
1970
1973
1977
1980
1983
1986
1989
1992
1995
1998
2000
2003
2006
2008
2011
2013
2015
2017
2019
2021
2023
2025
2027
2029
2031
2032
2034
2035
2036
2038
2039
2040
2041
2042
2043
2044
2044
2045
2046
2046
2047
2047
2047
2047
2047
2047
2047
2047
2047
2047
2047
2046
2046
2045
2044
2044
2043
2042
2041
2040
2039
2038
2036
2035
2034
2032
2031
2029
2027
2025
2023
2021
2019
2017
2015
2013
2011
2008
2006
2003
2000
1998
1995
1992
1989
1986
1983
1980
1977
1973
1970
1966
1963
1959
1956
1952
1948
1944
1940
1936
1932
1928
1924
1919
1915
1910
1906
1901
1896
1892
1887
1882
1877
1872
1867
1861
1856
1851
1845
1840
1834
1829
1823
1817
1812
1806
1800
1794
1788
1781
1775
1769
1763
1756
1750
1743
1736
1730
1723
1716
1709
1702
1695
1688
1681
1674
1667
1659
1652
1644
1637
1629
1622
1614
1606
1598
1591
1583
1575
1567
1558
1550
1542
1534
1525
1517
1509
1500
1491
1483
1474
1465
1457
1448
1439
1430
1421
1412
1403
1393
1384
1375
1366
1356
1347
1337
1328
1318
1308
1299
1289
1279
1269
1259
1250
1240
1230
1219
1209
1199
1189
1179
1168
1158
1148
1137
1127
1116
1106
1095
1085
1074
1063
1052
1042
1031
1020
1009
998
987
976
965
954
943
932
920
909
898
886
875
864
852
841
829
818
806
795
783
772
760
748
737
725
713
701
689
678
666
654
642
630
618
606
594
582
570
558
546
534
521
509
497
485
473
460
448
436
424
411
399
387
374
362
350
337
325
312
300
288
275
263
250
238
225
213
200
188
175
163
150
138
125
113
100
87
75
62
50
37
25
12
0
-12
-25
-37
-50
-62
-75
-87
-100
-113
-125
-138
-150
-163
-175
-188
-200
-213
-225
-238
-250
-263
-275
-288
-300
-312
-325
-337
-350
-362
-374
-387
-399
-411
-424
-436
-448
-460
-473
-485
-497
-509
-521
-534
-546
-558
-570
-582
-594
-606
-618
-630
-642
-654
-666
-678
-689
-701
-713
-725
-737
-748
-760
-772
-783
-795
-806
-818
-829
-841
-852
-864
-875
-886
-898
-909
-920
-932
-943
-954
-965
-976
-987
-998
-1009
-1020
-1031
-1042
-1052
-1063
-1074
-1085
-1095
-1106
-1116
-1127
-1137
-1148
-1158
-1168
-1179
-1189
-1199
-1209
-1219
-1230
-1240
-1250
-1259
-1269
-1279
-1289
-1299
-1308
-1318
-1328
-1337
-1347
-1356
-1366
-1375
-1384
-1393
-1403
-1412
-1421
-1430
-1439
-1448
-1457
-1465
-1474
-1483
-1491
-1500
-1509
-1517
-1525
-1534
-1542
-1550
-1558
-1567
-1575
-1583
-1591
-1598
-1606
-1614
-1622
-1629
-1637
-1644
-1652
-1659
-1667
-1674
-1681
-1688
-1695
-1702
-1709
-1716
-1723
-1730
-1736
-1743
-1750
-1756
-1763
-1769
-1775
-1781
-1788
-1794
-1800
-1806
-1812
-1817
-1823
-1829
-1834
-1840
-1845
-1851
-1856
-1861
-1867
-1872
-1877
-1882
-1887
-1892
-1896
-1901
-1906
-1910
-1915
-1919
-1924
-1928
-1932
-1936
-1940
-1944
-1948
-1952
-1956
-1959
-1963
-1966
-1970
-1973
-1977
-1980
-1983
-1986
-1989
-1992
-1995
-1998
-2000
-2003
-2006
-2008
-2011
-2013
-2015
-2017
-2019
-2021
-2023
-2025
-2027
-2029
-2031
-2032
-2034
-2035
-2036
-2038
-2039
-2040
-2041
-2042
-2043
-2044
-2044
-2045
-2046
-2046
-2047
-2047
-2047
-2047
-2047
-2047
-2047
-2047
-2047
-2047
-2047
-2046
-2046
-2045
-2044
-2044
-2043
-2042
-2041
-2040
-2039
-2038
-2036
-2035
-2034
-2032
-2031
-2029
-2027
-2025
-2023
-2021
-2019
-2017
-2015
-2013
-2011
-2008
-2006
-2003
-2000
-1998
-1995
-1992
-1989
-1986
-1983
-1980
-1977
-1973
-1970
-1966
-1963
-1959
-1956
-1952
-1948
-1944
-1940
-1936
-1932
-1928
-1924
-1919
-1915
-1910
-1906
-1901
-1896
-1892
-1887
-1882
-1877
-1872
-1867
-1861
-1856
-1851
-1845
-1840
-1834
-1829
-1823
-1817
-1812
-1806
-1800
-1794
-1788
-1781
-1775
-1769
-1763
-1756
-1750
-1743
-1736
-1730
-1723
-1716
-1709
-1702
-1695
-1688
-1681
-1674
-1667
-1659
-1652
-1644
-1637
-1629
-1622
-1614
-1606
-1598
-1591
-1583
-1575
-1567
-1558
-1550
-1542
-1534
-1525
-1517
-1509
-1500
-1491
-1483
-1474
-1465
-1457
-1448
-1439
-1430
-1421
-1412
-1403
-1393
-1384
-1375
-1366
-1356
-1347
-1337
-1328
-1318
-1308
-1299
-1289
-1279
-1269
-1259
-1250
-1240
-1230
-1219
-1209
-1199
-1189
-1179
-1168
-1158
-1148
-1137
-1127
-1116
-1106
-1095
-1085
-1074
-1063
-1052
-1042
-1031
-1020
-1009
-998
-987
-976
-965
-954
-943
-932
-920
-909
-898
-886
-875
-864
-852
-841
-829
-818
-806
-795
-783
-772
-760
-748
-737
-725
-713
-701
-689
-678
-666
-654
-642
-630
-618
-606
-594
-582
-570
-558
-546
-534
-521
-509
-497
-485
-473
-460
-448
-436
-424
-411
-399
-387
-374
-362
-350
-337
-325
-312
-300
-288
-275
-263
-250
-238
-225
-213
-200
-188
-175
-163
-150
-138
-125
-113
-100
-87
-75
-62
-50
-37
-25
-12